[gd_scene load_steps=15 format=3 uid="uid://bx1vgheicnank"]

[ext_resource type="Script" path="res://slice_mesh.gd" id="1_k8yw8"]
[ext_resource type="Script" path="res://main.gd" id="1_q6orp"]
[ext_resource type="Material" uid="uid://cp8mors8fvy7j" path="res://transparent.tres" id="2_ai3vk"]
[ext_resource type="Material" uid="uid://cc53p27vxjg7f" path="res://uv_debug.tres" id="2_c1vow"]
[ext_resource type="Script" path="res://rotate.gd" id="2_orfvx"]

[sub_resource type="BoxMesh" id="BoxMesh_03v4s"]
size = Vector3(0.99, 0.99, 0.99)

[sub_resource type="BoxMesh" id="BoxMesh_4bnoe"]

[sub_resource type="SphereMesh" id="SphereMesh_2k47p"]

[sub_resource type="SphereMesh" id="SphereMesh_wsgr3"]
radial_segments = 32
rings = 16

[sub_resource type="StandardMaterial3D" id="StandardMaterial3D_x6hi3"]
transparency = 1
cull_mode = 2
shading_mode = 0
albedo_color = Color(1, 0.356863, 0.384314, 0.0784314)

[sub_resource type="PlaneMesh" id="PlaneMesh_8h7jh"]

[sub_resource type="ProceduralSkyMaterial" id="ProceduralSkyMaterial_q0qmt"]

[sub_resource type="Sky" id="Sky_2igl1"]
sky_material = SubResource("ProceduralSkyMaterial_q0qmt")

[sub_resource type="Environment" id="Environment_qlp8d"]
background_mode = 1
background_color = Color(0.137255, 0.137255, 0.137255, 1)
sky = SubResource("Sky_2igl1")
ambient_light_source = 2
ambient_light_color = Color(0.301961, 0.301961, 0.301961, 1)

[node name="Main" type="Node3D"]
script = ExtResource("1_q6orp")

[node name="Rectangle" type="Node3D" parent="."]
transform = Transform3D(0.872945, 0.241958, 0.423583, -0.267104, 0.963668, 2.98007e-07, -0.408193, -0.113141, 0.905857, -0.887555, -1.18236, 0.0685843)

[node name="UnslicedMesh" type="MeshInstance3D" parent="Rectangle"]
transform = Transform3D(1, 0, 0, 0, 1.37692, -0.723245, 0, 0.253135, 3.93407, 0.251433, 0.436935, -0.256414)
material_override = ExtResource("2_ai3vk")
mesh = SubResource("BoxMesh_03v4s")
skeleton = NodePath("../..")

[node name="SliceableMesh" type="SliceableMeshInstance3D" parent="Rectangle" node_paths=PackedStringArray("plane_node")]
transform = Transform3D(1, 0, 0, 0, 1.37692, -0.723245, 0, 0.253135, 3.93407, 0.251684, 0.437373, -0.256671)
material_override = ExtResource("2_c1vow")
mesh = SubResource("BoxMesh_4bnoe")
skeleton = NodePath("../..")
script = ExtResource("1_k8yw8")
plane_node = NodePath("../../CuttingPlane")

[node name="Sphere" type="Node3D" parent="."]
transform = Transform3D(1, 0, 0, 0, 0.800872, 1.15701, 0, -0.805244, 1.15072, 0.527702, 1.293, 0.0589788)

[node name="UnslicedMesh" type="MeshInstance3D" parent="Sphere"]
transform = Transform3D(0.613852, 8.85129e-08, 0.776714, 0.140438, 0.973683, -0.110991, -0.763912, 0.179003, 0.603735, 0, 0, 0)
material_override = ExtResource("2_ai3vk")
mesh = SubResource("SphereMesh_2k47p")
skeleton = NodePath("../..")

[node name="SliceableMesh" type="SliceableMeshInstance3D" parent="Sphere" node_paths=PackedStringArray("plane_node")]
transform = Transform3D(0.620053, 5.21541e-08, 0.78456, 0.141857, 0.983518, -0.112112, -0.771629, 0.180811, 0.609833, 0, 0, 0)
material_override = ExtResource("2_c1vow")
mesh = SubResource("SphereMesh_wsgr3")
skeleton = NodePath("../..")
script = ExtResource("1_k8yw8")
plane_node = NodePath("../../CuttingPlane")

[node name="CuttingPlane" type="Node3D" parent="."]
transform = Transform3D(-0.934176, 0.353692, -0.0470786, 0.316676, 0.882644, 0.347356, 0.164411, 0.309584, -0.936552, -0.170028, -0.271278, -0.500317)
script = ExtResource("2_orfvx")

[node name="PlaneMesh" type="MeshInstance3D" parent="CuttingPlane"]
transform = Transform3D(2, 0, 5.96046e-08, 0, -8.9407e-08, -2, 5.96046e-08, 2, -8.9407e-08, 0, 0, -0.001)
material_override = SubResource("StandardMaterial3D_x6hi3")
mesh = SubResource("PlaneMesh_8h7jh")
skeleton = NodePath("../..")

[node name="Camera3D" type="Camera3D" parent="."]
transform = Transform3D(0.393942, -0.373787, 0.839698, 1.49012e-08, 0.913574, 0.406673, -0.919135, -0.160205, 0.359895, 3.70021, 1.56868, 1.58591)

[node name="Sun" type="DirectionalLight3D" parent="."]
transform = Transform3D(0.987584, -0.146208, 0.0574618, 0.0278141, 0.522739, 0.852039, -0.154612, -0.839862, 0.520315, 0, 10, 0)

[node name="WorldEnvironment" type="WorldEnvironment" parent="."]
environment = SubResource("Environment_qlp8d")
