[gd_scene load_steps=20 format=3 uid="uid://bx1vgheicnank"]

[ext_resource type="Script" path="res://src/main.gd" id="1_kmve1"]
[ext_resource type="Material" uid="uid://cp8mors8fvy7j" path="res://materials/transparent.tres" id="2_xq8sf"]
[ext_resource type="Material" uid="uid://dt810cs2m1enn" path="res://materials/inner.tres" id="3_jvqs7"]
[ext_resource type="Material" uid="uid://cc53p27vxjg7f" path="res://materials/uv_debug.tres" id="4_j6m5n"]
[ext_resource type="Script" path="res://src/slice_mesh.gd" id="5_wdtwf"]
[ext_resource type="PackedScene" uid="uid://migofo6ctkfb" path="res://scenes/cutting_plane.tscn" id="6_5qxv0"]
[ext_resource type="Material" uid="uid://bpjxfhwlqmso" path="res://materials/inner_earth.tres" id="6_a3guo"]
[ext_resource type="Material" uid="uid://cmani75d48ji2" path="res://materials/earth.tres" id="7_72lvl"]

[sub_resource type="ProceduralSkyMaterial" id="ProceduralSkyMaterial_q0qmt"]

[sub_resource type="Sky" id="Sky_2igl1"]
sky_material = SubResource("ProceduralSkyMaterial_q0qmt")

[sub_resource type="Environment" id="Environment_qlp8d"]
background_mode = 1
background_color = Color(0.137255, 0.137255, 0.137255, 1)
sky = SubResource("Sky_2igl1")
ambient_light_source = 2
ambient_light_color = Color(0.301961, 0.301961, 0.301961, 1)

[sub_resource type="StandardMaterial3D" id="StandardMaterial3D_pm4eq"]
albedo_color = Color(0, 0, 0, 1)

[sub_resource type="PlaneMesh" id="PlaneMesh_8cp1k"]

[sub_resource type="BoxMesh" id="BoxMesh_03v4s"]
size = Vector3(0.99, 0.99, 0.99)

[sub_resource type="BoxMesh" id="BoxMesh_4bnoe"]

[sub_resource type="SphereMesh" id="SphereMesh_2k47p"]

[sub_resource type="SphereMesh" id="SphereMesh_wsgr3"]
radial_segments = 32
rings = 16

[sub_resource type="PrismMesh" id="PrismMesh_tigh7"]
left_to_right = 1.6

[sub_resource type="PrismMesh" id="PrismMesh_m3i2x"]
left_to_right = 1.6

[node name="Main" type="Node3D"]
script = ExtResource("1_kmve1")

[node name="Sun" type="DirectionalLight3D" parent="."]
transform = Transform3D(1, 0, 0, 0, -4.37114e-08, 1, 0, -1, -4.37114e-08, 0, 10, 0)
shadow_enabled = true

[node name="WorldEnvironment" type="WorldEnvironment" parent="."]
environment = SubResource("Environment_qlp8d")

[node name="Ground" type="MeshInstance3D" parent="."]
transform = Transform3D(3, 0, 0, 0, 3, 0, 0, 0, 3, -0.21053, 0, -0.484311)
material_override = SubResource("StandardMaterial3D_pm4eq")
mesh = SubResource("PlaneMesh_8cp1k")

[node name="Rectangle" type="Node3D" parent="."]
transform = Transform3D(0.872945, 0.241958, 0.423583, -0.267104, 0.963668, 2.92388e-07, -0.408193, -0.113141, 0.905857, -0.887555, 0.997395, 0.0685843)

[node name="UnslicedMesh" type="MeshInstance3D" parent="Rectangle"]
transform = Transform3D(1, 0, 0, 0, 1.35, 0, 0, 0, 3, 0.251433, 0.436935, -0.256414)
material_override = ExtResource("2_xq8sf")
mesh = SubResource("BoxMesh_03v4s")
skeleton = NodePath("../..")

[node name="SliceableMesh" type="SliceableMeshInstance3D" parent="Rectangle" node_paths=PackedStringArray("plane_node")]
inner_material = ExtResource("3_jvqs7")
transform = Transform3D(1, 0, 0, 0, 1.35, 0, 0, 0, 3, 0.251684, 0.437373, -0.256671)
mesh = SubResource("BoxMesh_4bnoe")
skeleton = NodePath("../..")
surface_material_override/0 = ExtResource("4_j6m5n")
script = ExtResource("5_wdtwf")
plane_node = NodePath("../../CuttingPlane")

[node name="Sphere" type="Node3D" parent="."]
transform = Transform3D(-1.40259, 0, 1.42574, -1.01089, 1.41036, -0.994477, -1.0054, -1.41806, -0.989078, -0.70167, 3.34879, -0.874318)

[node name="UnslicedMesh" type="MeshInstance3D" parent="Sphere"]
transform = Transform3D(0.989999, 0, 0, 0, 0.99, 0, 0, 0, 0.99, 0, 0, 0)
material_override = ExtResource("2_xq8sf")
mesh = SubResource("SphereMesh_2k47p")
skeleton = NodePath("../..")

[node name="SliceableMesh" type="SliceableMeshInstance3D" parent="Sphere" node_paths=PackedStringArray("plane_node")]
inner_material = ExtResource("6_a3guo")
transform = Transform3D(1, -2.98023e-08, 3.27826e-07, -2.98023e-08, 1, 0, -1.49012e-08, 1.49012e-08, 1, 0, 0, 0)
mesh = SubResource("SphereMesh_wsgr3")
skeleton = NodePath("../..")
surface_material_override/0 = ExtResource("7_72lvl")
script = ExtResource("5_wdtwf")
plane_node = NodePath("../../CuttingPlane")

[node name="Prism" type="Node3D" parent="."]
transform = Transform3D(0.95386, -0.252711, -0.162138, 0.249138, 0.967542, -0.0423487, 0.167578, 3.72529e-09, 0.985859, 0.671031, 1.29382, -0.791593)

[node name="UnslicedMesh" type="MeshInstance3D" parent="Prism"]
transform = Transform3D(0.613852, 8.85129e-08, 0.776714, 0.140438, 0.973683, -0.110991, -0.763912, 0.179003, 0.603735, 0, 0, 0)
material_override = ExtResource("2_xq8sf")
cast_shadow = 0
mesh = SubResource("PrismMesh_tigh7")
skeleton = NodePath("../..")

[node name="SliceableMesh" type="SliceableMeshInstance3D" parent="Prism" node_paths=PackedStringArray("plane_node")]
inner_material = ExtResource("3_jvqs7")
transform = Transform3D(0.620053, 5.21541e-08, 0.78456, 0.141857, 0.983518, -0.112112, -0.771629, 0.180811, 0.609833, 0, 0, 0)
mesh = SubResource("PrismMesh_m3i2x")
skeleton = NodePath("../..")
surface_material_override/0 = ExtResource("4_j6m5n")
script = ExtResource("5_wdtwf")
plane_node = NodePath("../../CuttingPlane")

[node name="CuttingPlane" parent="." instance=ExtResource("6_5qxv0")]
transform = Transform3D(-0.0278011, -0.26847, -0.962888, -0.322797, 0.914065, -0.245537, 0.946059, 0.303992, -0.112073, -0.100886, 1.90875, -0.319295)

[node name="Camera3D" type="Camera3D" parent="."]
transform = Transform3D(0.393942, -0.373787, 0.839698, 1.49012e-08, 0.913574, 0.406672, -0.919135, -0.160205, 0.359895, 3.70021, 3.74844, 1.58591)
